idna_subject,checker_type,destination,tested_at
185.193.38.74,AVAILABILITY,domains.list,2021-09-03 08:54:13.180980
104.18.36.98,AVAILABILITY,domains.list,2021-09-03 08:54:33.379354
2019-12-16,AVAILABILITY,domains.list,2021-09-03 08:54:33.511829
ip,AVAILABILITY,domains.list,2021-09-03 08:54:33.674387
last,AVAILABILITY,domains.list,2021-09-03 08:54:33.831583
updated,AVAILABILITY,domains.list,2021-09-03 08:54:34.013527
this,AVAILABILITY,domains.list,2021-09-03 08:54:34.186191
file,AVAILABILITY,domains.list,2021-09-03 08:54:34.380197
be,AVAILABILITY,domains.list,2021-09-03 08:54:34.518750
will,AVAILABILITY,domains.list,2021-09-03 08:54:34.691867
daily,AVAILABILITY,domains.list,2021-09-03 08:54:34.860812
populated,AVAILABILITY,domains.list,2021-09-03 08:54:35.013379
automatically,AVAILABILITY,domains.list,2021-09-03 08:54:35.143758
and,AVAILABILITY,domains.list,2021-09-03 08:54:35.318095
with,AVAILABILITY,domains.list,2021-09-03 08:54:35.464376
the,AVAILABILITY,domains.list,2021-09-03 08:54:35.635892
days,AVAILABILITY,domains.list,2021-09-03 08:54:35.779091
of,AVAILABILITY,domains.list,2021-09-03 08:54:35.945417
malicious,AVAILABILITY,domains.list,2021-09-03 08:54:36.128753
addresses.,AVAILABILITY,domains.list,2021-09-03 08:54:36.259428
//,AVAILABILITY,domains.list,2021-09-03 08:54:36.357988
30,AVAILABILITY,domains.list,2021-09-03 08:54:36.474668
