idna_subject,checker_type,destination,tested_at
104.18.36.98,AVAILABILITY,domains.list,2021-09-30 05:28:35.204505
2019-12-16,AVAILABILITY,domains.list,2021-09-30 05:28:35.341444
ip,AVAILABILITY,domains.list,2021-09-30 05:28:35.503931
last,AVAILABILITY,domains.list,2021-09-30 05:28:35.748763
updated,AVAILABILITY,domains.list,2021-09-30 05:28:35.915580
this,AVAILABILITY,domains.list,2021-09-30 05:28:36.035791
file,AVAILABILITY,domains.list,2021-09-30 05:28:36.218093
be,AVAILABILITY,domains.list,2021-09-30 05:28:36.372935
will,AVAILABILITY,domains.list,2021-09-30 05:28:36.524261
daily,AVAILABILITY,domains.list,2021-09-30 05:28:36.659963
populated,AVAILABILITY,domains.list,2021-09-30 05:28:36.799559
automatically,AVAILABILITY,domains.list,2021-09-30 05:28:36.918770
and,AVAILABILITY,domains.list,2021-09-30 05:28:37.105769
with,AVAILABILITY,domains.list,2021-09-30 05:28:37.248120
the,AVAILABILITY,domains.list,2021-09-30 05:28:37.425507
days,AVAILABILITY,domains.list,2021-09-30 05:28:37.541487
of,AVAILABILITY,domains.list,2021-09-30 05:28:37.692396
malicious,AVAILABILITY,domains.list,2021-09-30 05:28:37.831033
addresses.,AVAILABILITY,domains.list,2021-09-30 05:28:37.949130
//,AVAILABILITY,domains.list,2021-09-30 05:28:38.052398
30,AVAILABILITY,domains.list,2021-09-30 05:28:38.171558
185.193.38.74,AVAILABILITY,domains.list,2021-09-30 05:28:58.342209
